lat: 20.028790056
lon: -155.714876639
height: 677
